0268: XXXXXXXX XXXXXXXX XXXXXXXX XXXXXXXX
0272: 11111111 11111111 11111111 11111111
0276: 11111111 11111111 11111111 11111111
0280: 11111111 11111111 11111111 11111111
0284: 11111111 11111111 11111111 11111111
0288: 11111111 11111111 11111111 11111111
0292: 11111111 11111111 11111111 11111111
0296: 11111111 11111111 11111111 11111111
0300: 11111111 11111111 11111111 11111111
0304: 11111111 11111111 11111111 11111111
0308: 11111111 11111111 11111111 11111111
0312: 11111111 11111111 11111111 11111111
0316: 11111111 11111111 11111111 11111111
0320: 11111111 11111111 11111111 11111111
0324: 11111111 11111111 11111111 11111111
0328: 11111111 11111111 11111111 11111111
0332: 11111111 11111111 11111111 11111111
0336: 11111111 11111111 11111111 11111111
0340: 11111111 11111111 11111111 11111111
0344: 11111111 11111111 11111111 11111111
0348: 11111111 11111111 11111111 11111111
0352: 11111111 11111111 11111111 11111111
0356: 11111111 11111111 11111111 11111111
0360: 11111111 11111111 11111111 11111111
0364: 55555555 11111111 11111111 11111111
0368: 11111111 00000000 00000000 00000000
0372: 00000000 00000000 00000000 00000000
0376: 00000000 00000000 00000000 00000000
0380: 00000000 00000000 00000000 00000000
0384: 00000000 00000000 00000000 00000000
0388: 00000000 00000000 00000000 00000000
0392: 00000000 00000000 00000000 00000000
0396: 00000000 00000000 00000000 00000000
0400: 00000000 00000000 00000000 00000000
0404: 00000000 00000000 00000000 00000000
0408: 00000000 00000000 00000000 00000000
0412: 55555555 XXXXXXXX XXXXXXXX XXXXXXXX